1,1,119.61,334.25,134.62,55.97000000000003,1,1,1.0
1,2,208.86,251.81,97.56,42.360000000000014,1,1,1.0
1,3,732.22,265.43,71.85000000000002,43.860000000000014,1,1,1.0
2,1,97.68,332.74,134.62,55.96999999999997,1,1,1.0
2,2,208.86,251.81,97.56,42.360000000000014,1,1,1.0
2,3,722.39,266.94,71.84000000000003,43.870000000000005,1,1,1.0
3,1,82.55,341.06,134.63,55.95999999999998,1,1,1.0
3,2,208.86,251.81,97.56,42.360000000000014,1,1,1.0
3,3,708.02,269.21,71.85000000000002,43.870000000000005,1,1,1.0
4,1,50.79,341.06,134.62,55.95999999999998,1,1,1.0
4,2,208.86,251.81,97.56,42.360000000000014,1,1,1.0
4,3,695.92,267.7,71.84000000000003,43.860000000000014,1,1,1.0
5,1,34.91,346.35,134.62,55.96999999999997,1,1,1.0
5,2,208.86,251.81,97.56,42.360000000000014,1,1,1.0
5,3,682.3,269.21,71.85000000000002,43.870000000000005,1,1,1.0
6,1,2.39,354.67,134.62,55.96999999999997,1,1,1.0
6,2,208.86,251.81,97.56,42.360000000000014,1,1,1.0
6,3,670.96,272.24,71.84999999999991,43.860000000000014,1,1,1.0
7,1,0.12,359.97,134.62,55.95999999999998,1,1,1.0
7,2,208.86,251.81,97.56,42.360000000000014,1,1,1.0
7,3,652.81,273.75,71.85000000000002,43.860000000000014,1,1,1.0
8,1,0.12,359.97,104.38,55.22999999999996,1,1,1.0
8,2,208.86,251.81,97.56,42.360000000000014,1,1,1.0
8,3,641.46,275.26,71.84999999999991,43.870000000000005,1,1,1.0
9,1,0.12,359.97,81.67999999999999,56.02999999999997,1,1,1.0
9,2,208.86,251.81,97.56,42.360000000000014,1,1,1.0
9,3,627.09,278.29,71.85000000000002,43.85999999999996,1,1,1.0
10,1,0.12,359.97,51.38,62.129999999999995,1,1,1.0
10,2,208.86,251.81,97.56,42.360000000000014,1,1,1.0
10,3,609.7,282.07,71.84999999999991,43.860000000000014,1,1,1.0
11,2,208.86,251.81,97.56,42.360000000000014,1,1,1.0
11,3,590.79,283.58,80.15000000000009,47.69999999999999,1,1,1.0
12,2,208.86,251.81,97.56,42.360000000000014,1,1,1.0
12,3,581.71,284.34,80.14999999999998,47.69,1,1,1.0
13,2,208.86,251.81,97.56,42.360000000000014,1,1,1.0
13,3,565.83,285.85,80.14999999999998,47.69999999999999,1,1,1.0
14,2,208.86,251.81,97.56,42.360000000000014,1,1,1.0
14,3,549.19,291.14,80.14999999999998,47.69999999999999,1,1,1.0
15,2,208.86,251.81,97.56,42.360000000000014,1,1,1.0
15,3,529.53,291.14,80.14999999999998,47.69999999999999,1,1,1.0
16,2,208.86,251.81,97.56,42.360000000000014,1,1,1.0
16,3,512.89,294.93,80.14999999999998,47.69,1,1,1.0
17,2,208.86,251.81,97.56,42.360000000000014,1,1,1.0
17,3,497.01,296.44,80.14999999999998,47.69,1,1,1.0
18,2,208.86,251.81,97.56,42.360000000000014,1,1,1.0
18,3,476.59,300.22,80.14000000000004,47.69,1,1,1.0
19,2,208.86,251.81,97.56,42.360000000000014,1,1,1.0
19,3,459.19,300.97,80.15000000000003,47.69999999999999,1,1,1.0
20,2,208.86,251.81,97.56,42.360000000000014,1,1,1.0
20,3,447.09,304.0,80.15000000000003,47.69,1,1,1.0
21,2,208.86,251.81,97.56,42.360000000000014,1,1,1.0
21,3,433.48,310.05,80.13999999999999,47.69999999999999,1,1,1.0
22,2,208.86,251.81,97.56,42.360000000000014,1,1,1.0
22,3,416.84,309.29,80.15000000000003,47.69999999999999,1,1,1.0
23,2,208.86,251.81,97.56,42.360000000000014,1,1,1.0
23,3,394.15,316.1,80.15000000000003,47.69999999999999,1,1,1.0
24,2,208.86,251.81,97.56,42.360000000000014,1,1,1.0
24,3,378.27,316.86,80.15000000000003,47.69,1,1,1.0
25,2,208.86,251.81,97.56,42.360000000000014,1,1,1.0
25,3,360.87,319.13,80.14999999999998,47.69,1,1,1.0
26,2,208.86,251.81,97.56,42.360000000000014,1,1,1.0
26,3,341.21,324.42,80.15000000000003,47.69999999999999,1,1,1.0
27,2,208.86,251.81,97.56,42.360000000000014,1,1,1.0
27,3,326.08,327.45,80.15000000000003,47.69,1,1,1.0
28,2,208.86,251.81,97.56,42.360000000000014,1,1,1.0
28,3,310.2,328.96,80.15000000000003,47.69,1,1,1.0
29,2,208.86,251.81,97.56,42.360000000000014,1,1,1.0
29,3,286.0,335.77,80.14999999999998,47.69,1,1,1.0
30,2,208.86,251.81,97.56,42.360000000000014,1,1,1.0
30,3,265.58,340.3,80.15000000000003,47.69999999999999,1,1,1.0
31,2,208.86,251.81,97.56,42.360000000000014,1,1,1.0
31,3,241.38,344.08,80.14999999999998,47.69999999999999,1,1,1.0
32,2,208.86,251.81,97.56,42.360000000000014,1,1,1.0
32,3,221.71,347.11,80.15,47.69,1,1,1.0
33,2,208.86,251.81,97.56,42.360000000000014,1,1,1.0
33,3,207.34,350.13,80.15,47.69999999999999,1,1,1.0
34,2,208.86,251.81,97.56,42.360000000000014,1,1,1.0
34,3,180.12,355.43,80.14999999999998,47.69,1,1,1.0
35,2,208.86,251.81,97.56,42.360000000000014,1,1,1.0
35,3,166.5,356.18,80.15,47.69999999999999,1,1,1.0
36,2,208.86,251.81,97.56,42.360000000000014,1,1,1.0
36,3,113.6,363.75,123.20000000000002,54.44999999999999,1,1,1.0
37,2,208.86,251.81,97.56,42.360000000000014,1,1,1.0
37,3,87.13,366.02,123.20000000000002,54.450000000000045,1,1,1.0
38,2,208.86,251.81,97.56,42.360000000000014,1,1,1.0
38,3,58.39,372.07,123.2,54.44999999999999,1,1,1.0
39,2,208.86,251.81,97.56,42.360000000000014,1,1,1.0
39,3,37.97,376.61,123.19999999999999,54.44999999999999,1,1,1.0
40,2,208.86,251.81,97.56,42.360000000000014,1,1,1.0
40,3,13.01,379.63,123.2,54.44999999999999,1,1,1.0
41,2,208.86,251.81,97.56,42.360000000000014,1,1,1.0
41,3,1.67,387.19,123.2,54.45999999999998,1,1,1.0
42,2,208.86,251.81,97.56,42.360000000000014,1,1,1.0
42,3,1.67,387.19,98.23,56.70999999999998,1,1,1.0
43,2,208.86,251.81,97.56,42.360000000000014,1,1,1.0
43,3,1.67,387.19,73.23,62.81,1,1,1.0
44,2,208.86,251.81,97.56,42.360000000000014,1,1,1.0
44,3,1.67,387.19,43.73,71.11000000000001,1,1,1.0
45,2,208.86,251.81,97.56,42.360000000000014,1,1,1.0
46,2,208.86,251.81,97.56,42.360000000000014,1,1,1.0
47,2,208.86,251.81,97.56,42.360000000000014,1,1,1.0
48,2,208.86,251.81,97.56,42.360000000000014,1,1,1.0
49,2,208.86,251.81,97.56,42.360000000000014,1,1,1.0
50,2,208.86,251.81,97.56,42.360000000000014,1,1,1.0
51,2,208.86,251.81,97.56,42.360000000000014,1,1,1.0
52,2,208.86,251.81,97.56,42.360000000000014,1,1,1.0
53,2,208.86,251.81,97.56,42.360000000000014,1,1,1.0
54,2,208.86,251.81,97.56,42.360000000000014,1,1,1.0
55,2,208.86,251.81,97.56,42.360000000000014,1,1,1.0
56,2,208.86,251.81,97.56,42.360000000000014,1,1,1.0
57,2,208.86,251.81,97.56,42.360000000000014,1,1,1.0
58,2,208.86,251.81,97.56,42.360000000000014,1,1,1.0
59,2,208.86,251.81,97.56,42.360000000000014,1,1,1.0
60,2,208.86,251.81,97.56,42.360000000000014,1,1,1.0
60,4,912.22,229.13,47.77999999999997,65.79000000000002,1,1,1.0
61,2,208.86,251.81,97.56,42.360000000000014,1,1,1.0
61,4,908.44,229.88,47.77999999999997,65.80000000000001,1,1,1.0
62,2,208.86,251.81,97.56,42.360000000000014,1,1,1.0
62,4,906.55,230.64,47.780000000000086,65.80000000000001,1,1,1.0
63,2,208.86,251.81,97.56,42.360000000000014,1,1,1.0
63,4,904.65,231.39,47.79000000000008,65.80000000000001,1,1,1.0
64,2,208.86,251.81,97.56,42.360000000000014,1,1,1.0
64,4,899.36,235.93,47.77999999999997,65.80000000000001,1,1,1.0
65,2,208.86,251.81,97.56,42.360000000000014,1,1,1.0
65,4,888.77,229.13,68.23000000000002,72.57,1,1,1.0
66,2,208.86,251.81,97.56,42.360000000000014,1,1,1.0
66,4,879.7,229.88,75.0,75.62,1,1,1.0
67,2,208.86,251.81,97.56,42.360000000000014,1,1,1.0
67,4,875.92,228.37,75.80000000000007,77.12,1,1,1.0
68,2,208.86,251.81,97.56,42.360000000000014,1,1,1.0
68,4,867.6,229.13,86.75999999999999,77.86000000000001,1,1,1.0
69,2,208.86,251.81,97.56,42.360000000000014,1,1,1.0
69,4,859.28,229.88,97.72000000000003,78.62,1,1,1.0
70,2,208.86,251.81,97.56,42.360000000000014,1,1,1.0
70,4,853.73,230.64,97.72000000000003,78.62,1,1,1.0
71,2,208.86,251.81,97.56,42.360000000000014,1,1,1.0
71,4,848.18,231.4,97.73000000000002,78.60999999999999,1,1,1.0
72,2,208.86,251.81,97.56,42.360000000000014,1,1,1.0
72,4,842.64,232.15,97.72000000000003,78.61999999999998,1,1,1.0
73,2,208.86,251.81,97.56,42.360000000000014,1,1,1.0
73,4,842.64,232.15,110.56000000000006,77.85,1,1,1.0
74,2,208.86,251.81,97.56,42.360000000000014,1,1,1.0
74,4,832.05,233.29,121.90000000000009,77.85999999999999,1,1,1.0
75,2,208.86,251.81,97.56,42.360000000000014,1,1,1.0
75,4,821.46,234.42,133.24,77.88000000000002,1,1,1.0
76,2,208.86,251.81,97.56,42.360000000000014,1,1,1.0
76,4,813.14,236.69,133.24,77.88,1,1,1.0
77,2,208.86,251.81,97.56,42.360000000000014,1,1,1.0
77,4,804.82,238.96,133.2399999999999,77.87999999999997,1,1,1.0
78,2,208.86,251.81,97.56,42.360000000000014,1,1,1.0
78,4,798.4,238.96,133.23000000000002,77.87999999999997,1,1,1.0
79,2,208.86,251.81,97.56,42.360000000000014,1,1,1.0
79,4,791.97,238.96,133.23000000000002,77.87999999999997,1,1,1.0
80,2,208.86,251.81,97.56,42.360000000000014,1,1,1.0
80,4,783.65,244.25,155.93000000000006,74.83999999999997,1,1,1.0
81,2,208.86,251.81,97.56,42.360000000000014,1,1,1.0
81,4,776.46,245.77,161.98000000000002,70.67999999999998,1,1,1.0
82,2,208.86,251.81,97.56,42.360000000000014,1,1,1.0
82,4,769.28,247.28,168.01999999999998,66.52000000000001,1,1,1.0
82,5,741.29,257.86,27.230000000000018,33.27999999999997,1,1,0.0
83,2,208.86,251.81,97.56,42.360000000000014,1,1,1.0
83,4,752.64,254.84,168.01999999999998,66.52000000000001,1,1,1.0
83,5,734.49,258.62,27.220000000000027,33.27999999999997,1,1,0.0
84,2,208.86,251.81,97.56,42.360000000000014,1,1,1.0
84,4,746.09,256.1,168.01999999999998,66.51999999999998,1,1,1.0
84,5,727.68,259.38,27.230000000000018,33.26999999999998,1,1,0.0
85,2,208.86,251.81,97.56,42.360000000000014,1,1,1.0
85,4,739.53,257.36,168.01999999999998,66.51999999999998,1,1,1.0
85,5,714.82,261.65,27.229999999999905,33.27000000000004,1,1,0.0
86,2,208.86,251.81,97.56,42.360000000000014,1,1,1.0
86,4,732.98,258.62,168.01999999999998,66.51999999999998,1,1,1.0
86,5,705.75,263.91,27.220000000000027,33.27999999999997,1,1,0.0
87,2,208.86,251.81,97.56,42.360000000000014,1,1,1.0
87,4,723.14,260.14,168.02999999999997,66.52000000000004,1,1,1.0
87,5,694.4,262.4,27.230000000000018,33.28000000000003,1,1,0.0
88,2,208.86,251.81,97.56,42.360000000000014,1,1,1.0
88,4,713.31,260.14,168.0200000000001,66.52000000000004,1,1,1.0
88,5,686.84,263.91,27.230000000000018,33.27999999999997,1,1,0.0
89,2,208.86,251.81,97.56,42.360000000000014,1,1,1.0
89,4,704.24,251.8,193.76,77.88,1,1,1.0
89,5,671.71,262.4,27.230000000000018,33.28000000000003,1,1,0.0
90,2,208.86,251.81,97.56,42.360000000000014,1,1,1.0
90,4,692.14,257.85,193.76,77.88,1,1,1.0
90,5,663.39,263.91,27.230000000000018,33.27999999999997,1,1,0.0
91,2,208.86,251.81,97.56,42.360000000000014,1,1,1.0
91,4,680.79,258.61,193.76,77.88,1,1,1.0
91,5,655.83,264.67,27.229999999999905,33.27999999999997,1,1,0.0
92,2,208.86,251.81,97.56,42.360000000000014,1,1,1.0
92,4,672.47,252.6,205.13,88.42999999999998,1,1,1.0
92,5,634.65,265.43,36.35000000000002,32.46999999999997,1,1,0.0
93,2,208.86,251.81,97.56,42.360000000000014,1,1,1.0
93,4,664.91,257.14,205.13,88.43,1,1,1.0
93,5,622.55,267.7,36.35000000000002,32.47000000000003,1,1,0.0
94,2,208.86,251.81,97.56,42.360000000000014,1,1,1.0
94,4,651.3,259.41,205.12,88.41999999999996,1,1,1.0
94,5,607.43,269.21,36.34000000000003,32.47000000000003,1,1,0.0
95,2,208.86,251.81,97.56,42.360000000000014,1,1,1.0
95,4,639.95,261.68,205.13,88.42000000000002,1,1,1.0
95,5,596.08,268.45,36.34999999999991,32.47000000000003,1,1,0.0
96,2,208.86,251.81,97.56,42.360000000000014,1,1,1.0
96,4,627.85,254.1,219.44999999999993,100.53999999999999,1,1,1.0
96,5,588.52,269.21,36.35000000000002,32.47000000000003,1,1,0.0
97,2,208.86,251.81,97.56,42.360000000000014,1,1,1.0
97,4,621.8,260.91,219.45000000000005,100.53999999999996,1,1,1.0
97,5,568.86,267.7,52.24000000000001,37.0,1,1,0.0
98,2,208.86,251.81,97.56,42.360000000000014,1,1,1.0
98,4,610.46,264.69,219.44999999999993,100.54000000000002,1,1,1.0
98,5,561.29,270.72,60.81000000000006,34.73999999999995,1,1,0.0
99,2,208.86,251.81,97.56,42.360000000000014,1,1,1.0
99,4,592.05,265.44,219.45000000000005,100.55000000000001,1,1,1.0
99,5,553.73,273.74,69.37,32.48000000000002,1,1,0.0
100,2,208.86,251.81,97.56,42.360000000000014,1,1,1.0
100,4,578.56,261.27,230.04000000000008,106.61000000000001,1,1,1.0
100,5,530.29,271.5,49.91000000000008,36.23000000000002,1,1,0.0
101,2,208.86,251.81,97.56,42.360000000000014,1,1,1.0
101,4,565.08,257.1,240.62,112.66999999999996,1,1,1.0
101,5,519.7,266.2,78.69999999999993,41.53000000000003,1,1,0.0
102,2,208.86,251.81,97.56,42.360000000000014,1,1,1.0
102,4,556.0,257.86,240.62,112.65999999999997,1,1,1.0
102,5,508.35,266.2,82.25,41.53000000000003,1,1,0.0
103,2,208.86,251.81,97.56,42.360000000000014,1,1,1.0
103,4,540.12,262.39,240.62,112.67000000000002,1,1,1.0
103,5,503.06,267.71,63.49999999999994,41.53000000000003,1,1,0.0
104,2,208.86,251.81,97.56,42.360000000000014,1,1,1.0
104,4,530.29,267.69,240.62,112.66000000000003,1,1,1.0
104,5,486.42,266.96,81.37999999999994,41.53000000000003,1,1,0.0
105,2,208.86,251.81,97.56,42.360000000000014,1,1,1.0
105,4,515.92,271.47,240.62,112.66999999999996,1,1,1.0
105,5,472.81,266.96,63.49999999999994,41.53000000000003,1,1,0.0
106,2,208.86,251.81,97.56,42.360000000000014,1,1,1.0
106,4,500.04,281.3,240.61999999999995,112.67000000000002,1,1,1.0
106,5,454.66,266.2,78.63999999999993,41.53000000000003,1,1,0.0
107,2,208.86,251.81,97.56,42.360000000000014,1,1,1.0
107,4,484.91,286.59,240.61999999999995,112.67000000000002,1,1,1.0
107,5,445.58,273.8,74.82,35.44,1,1,0.0
108,2,208.86,251.81,97.56,42.360000000000014,1,1,1.0
108,4,469.03,286.59,240.62,112.67000000000002,1,1,1.0
108,5,425.92,275.31,85.47999999999996,35.44,1,1,0.0
108,6,933.39,214.76,24.960000000000036,52.94,1,1,1.0
109,2,208.86,251.81,97.56,42.360000000000014,1,1,1.0
109,4,453.14,284.36,244.39999999999998,116.40999999999997,1,1,1.0
109,5,407.76,276.83,95.34000000000003,35.44,1,1,0.0
109,6,933.02,215.51,24.950000000000045,52.94,1,1,1.0
109,7,649.02,257.11,76.38999999999999,25.70999999999998,1,1,0.0
110,2,208.86,251.81,97.56,42.360000000000014,1,1,1.0
110,4,429.7,278.3,282.2,123.99000000000001,1,1,1.0
110,5,400.2,278.34,85.5,35.44,1,1,1.0
110,6,932.64,216.27,24.960000000000036,52.93999999999997,1,1,1.0
110,7,633.14,257.87,76.38999999999999,25.70999999999998,1,1,0.0
111,2,208.86,251.81,97.56,42.360000000000014,1,1,1.0
111,4,414.57,279.81,282.2,123.99000000000001,1,1,1.0
111,5,389.61,280.61,74.82,35.44,1,1,1.0
111,6,926.3,215.52,33.16000000000008,53.28,1,1,1.0
111,7,620.66,255.64,82.60000000000002,30.150000000000034,1,1,0.0
112,2,208.86,251.81,97.56,42.360000000000014,1,1,1.0
112,4,391.88,290.4,282.20000000000005,123.99000000000001,1,1,1.0
112,5,374.49,274.56,74.82,35.44,1,1,1.0
112,6,920.35,216.27,37.94999999999993,52.92999999999998,1,1,1.0
112,7,608.18,253.41,88.82000000000005,34.59,1,1,0.0
113,2,208.86,251.81,97.56,42.360000000000014,1,1,1.0
113,4,383.56,294.18,282.21,123.99000000000001,1,1,1.0
113,5,362.38,280.61,74.82999999999998,35.44,1,1,1.0
113,6,914.4,216.27,43.89999999999998,55.53,1,1,1.0
113,7,577.86,256.97,88.83000000000004,34.599999999999966,1,1,0.0
114,2,208.86,251.81,97.56,42.360000000000014,1,1,1.0
114,4,368.44,297.96,282.2,123.99000000000001,1,1,1.0
114,5,341.96,281.36,74.83000000000004,35.44,1,1,1.0
114,6,908.1,216.27,50.19999999999993,56.62999999999997,1,1,1.0
114,7,569.84,254.3,88.81999999999994,34.589999999999975,1,1,0.0
115,2,208.86,251.81,97.56,42.360000000000014,1,1,1.0
115,4,354.82,301.75,282.21,123.98000000000002,1,1,1.0
115,5,334.4,281.36,74.82000000000005,35.44,1,1,1.0
115,6,906.24,217.38,50.200000000000045,56.629999999999995,1,1,1.0
115,7,562.71,255.19,88.81999999999994,34.589999999999975,1,1,0.0
116,2,208.86,251.81,97.56,42.360000000000014,1,1,1.0
116,4,333.65,310.07,282.20000000000005,123.98000000000002,1,1,1.0
116,5,319.28,281.36,74.82000000000005,35.44,1,1,1.0
116,6,904.01,218.5,50.200000000000045,56.629999999999995,1,1,1.0
116,7,550.22,255.19,88.82999999999993,34.589999999999975,1,1,0.0
117,2,208.86,251.81,97.56,42.360000000000014,1,1,1.0
117,4,308.69,312.33,282.2,123.99000000000001,1,1,1.0
117,5,297.34,279.85,74.82000000000005,35.44,1,1,1.0
117,6,898.06,218.87,50.200000000000045,56.629999999999995,1,1,1.0
117,7,531.5,258.76,88.82000000000005,34.59000000000003,1,1,0.0
118,2,208.86,251.81,97.56,42.360000000000014,1,1,1.0
118,4,296.59,311.58,282.2,123.98000000000002,1,1,1.0
118,5,282.97,282.88,74.82,35.44,1,1,1.0
118,6,892.49,219.24,50.200000000000045,56.629999999999995,1,1,1.0
118,7,518.12,258.76,88.83000000000004,34.59000000000003,1,1,0.0
119,2,208.86,251.81,97.56,42.360000000000014,1,1,1.0
119,4,278.44,291.2,335.16,154.2,1,1,1.0
119,5,268.6,283.63,74.82,35.44,1,1,1.0
119,6,884.69,220.36,71.40999999999997,51.44,1,1,1.0
119,7,494.94,259.65,105.76000000000005,39.950000000000045,1,1,0.0
120,2,208.86,251.81,97.56,42.360000000000014,1,1,1.0
120,4,253.48,297.25,359.31999999999994,154.19,1,1,1.0
120,5,252.72,283.6,94.47999999999999,35.46999999999997,1,1,1.0
120,6,880.23,217.75,68.00999999999999,56.639999999999986,1,1,1.0
120,7,486.03,259.65,105.75,39.950000000000045,1,1,0.0
121,2,208.86,251.81,97.56,42.360000000000014,1,1,1.0
121,4,245.16,301.79,359.32000000000005,154.19,1,1,1.0
121,5,239.11,288.89,94.47999999999996,35.48000000000002,1,1,1.0
121,6,876.88,218.13,68.01999999999998,56.629999999999995,1,1,1.0
121,7,471.76,265.0,105.75999999999999,39.94999999999999,1,1,0.0
122,2,208.86,251.81,97.56,42.360000000000014,1,1,1.0
122,4,215.66,310.86,359.32000000000005,154.2,1,1,1.0
122,5,212.64,290.41,94.48000000000002,35.46999999999997,1,1,1.0
122,6,871.68,217.75,68.0100000000001,56.639999999999986,1,1,1.0
122,7,459.28,262.32,105.75999999999999,39.94999999999999,1,1,0.0
123,2,208.86,251.81,97.56,42.360000000000014,1,1,1.0
123,4,192.22,316.16,359.31999999999994,154.19,1,1,1.0
123,5,199.78,291.16,94.47999999999999,35.47999999999996,1,1,1.0
123,6,865.36,218.13,68.01999999999998,56.629999999999995,1,1,1.0
123,7,436.1,265.89,105.75,39.94999999999999,1,1,0.0
124,2,208.86,251.81,97.56,42.360000000000014,1,1,1.0
124,4,171.04,322.96,359.32000000000005,154.20000000000005,1,1,1.0
124,5,184.66,290.41,94.47,35.46999999999997,1,1,1.0
124,6,861.27,219.98,68.01999999999998,56.640000000000015,1,1,1.0
124,7,429.86,265.0,105.75,39.94999999999999,1,1,0.0
125,2,208.86,251.81,97.56,42.360000000000014,1,1,1.0
125,4,166.5,320.69,359.33000000000004,154.2,1,1,1.0
125,5,168.77,293.43,94.47999999999999,35.48000000000002,1,1,1.0
125,6,855.33,218.5,68.00999999999999,56.629999999999995,1,1,1.0
125,7,417.37,265.0,105.75999999999999,39.94999999999999,1,1,0.0
126,2,208.86,251.81,97.56,42.360000000000014,1,1,1.0
126,4,149.87,321.45,359.32,154.19,1,1,1.0
126,5,146.84,294.95,94.47999999999999,35.47000000000003,1,1,1.0
126,6,849.75,218.5,68.01999999999998,56.629999999999995,1,1,1.0
126,7,400.87,266.03,105.75,39.950000000000045,1,1,0.0
127,2,208.86,251.81,97.56,42.360000000000014,1,1,1.0
127,4,123.4,328.26,359.32000000000005,154.19,1,1,1.0
127,5,128.69,295.7,94.47999999999999,35.47000000000003,1,1,1.0
127,6,844.18,217.38,68.0100000000001,56.629999999999995,1,1,1.0
127,7,388.49,266.03,105.75,39.950000000000045,1,1,1.0
128,2,208.86,251.81,97.56,42.360000000000014,1,1,1.0
128,4,106.0,331.28,359.32,154.20000000000005,1,1,1.0
128,5,117.34,296.46,94.47999999999999,35.47000000000003,1,1,1.0
128,6,838.23,220.73,68.01999999999998,56.630000000000024,1,1,1.0
128,7,371.98,269.13,105.75999999999999,39.94999999999999,1,1,1.0
129,2,208.86,251.81,97.56,42.360000000000014,1,1,1.0
129,4,65.92,339.6,359.32,154.2,1,1,1.0
129,5,92.39,296.84,94.48,35.47000000000003,1,1,1.0
129,6,836.75,219.24,68.00999999999999,56.629999999999995,1,1,1.0
129,7,357.54,268.09,105.75,39.960000000000036,1,1,1.0
130,2,208.86,251.81,97.56,42.360000000000014,1,1,1.0
130,4,34.91,346.41,359.32000000000005,154.19,1,1,1.0
130,5,81.8,301.0,94.48,35.47000000000003,1,1,1.0
130,6,824.85,221.1,77.64999999999998,56.630000000000024,1,1,1.0
130,7,344.13,272.22,105.75,39.94999999999999,1,1,1.0
131,2,208.86,251.81,97.56,42.360000000000014,1,1,1.0
131,4,31.86,348.14,344.3,154.19,1,1,1.0
131,5,65.92,300.24,94.48,35.46999999999997,1,1,1.0
131,6,815.19,223.7,88.50999999999999,55.93000000000001,1,1,1.0
131,7,329.68,276.35,105.75999999999999,39.94999999999999,1,1,1.0
132,2,208.86,251.81,97.56,42.360000000000014,1,1,1.0
132,4,28.81,349.87,329.28,154.19,1,1,1.0
132,5,44.74,304.78,94.47999999999999,35.47000000000003,1,1,1.0
132,6,806.6,224.44,88.89999999999998,55.93000000000001,1,1,1.0
132,7,311.12,279.44,105.75,39.94999999999999,1,1,1.0
133,2,208.86,251.81,97.56,42.360000000000014,1,1,1.0
133,4,25.76,351.6,314.26,154.19,1,1,1.0
133,5,22.81,309.32,94.48,35.47000000000003,1,1,1.0
133,6,803.3,224.07,84.0,55.93000000000001,1,1,1.0
133,7,301.83,278.41,105.75999999999999,39.94999999999999,1,1,1.0
134,2,208.86,251.81,97.56,42.360000000000014,1,1,1.0
134,4,22.71,353.33,299.24,154.2,1,1,1.0
134,5,9.2,309.32,94.47,35.47000000000003,1,1,1.0
134,6,795.5,224.44,86.25,55.93000000000001,1,1,1.0
134,7,282.23,276.35,105.75999999999999,39.94999999999999,1,1,1.0
135,2,208.86,251.81,97.56,42.360000000000014,1,1,1.0
135,4,19.66,355.06,284.21999999999997,154.2,1,1,1.0
135,5,1.63,309.32,94.48,35.47000000000003,1,1,1.0
135,6,791.04,225.93,87.74000000000001,55.15999999999997,1,1,1.0
135,7,264.69,280.47,105.75999999999999,39.95999999999998,1,1,1.0
136,2,208.86,251.81,97.56,42.360000000000014,1,1,1.0
136,4,16.61,356.79,269.2,154.2,1,1,1.0
136,5,3.9,309.32,78.0,34.48000000000002,1,1,1.0
136,6,781.75,226.3,87.02999999999997,55.93000000000001,1,1,1.0
136,7,255.41,281.51,105.75000000000003,39.94999999999999,1,1,1.0
137,2,208.86,251.81,97.56,42.360000000000014,1,1,1.0
137,4,16.62,357.03,266.3,154.19000000000005,1,1,1.0
137,5,3.9,309.32,54.9,37.579999999999984,1,1,1.0
137,6,775.8,227.04,87.04000000000008,55.930000000000035,1,1,1.0
137,7,237.87,281.51,105.75999999999999,39.94999999999999,1,1,1.0
138,2,208.86,251.81,97.56,42.360000000000014,1,1,1.0
138,4,16.64,357.27,263.40000000000003,154.19,1,1,1.0
138,5,3.15,316.88,43.79,35.47000000000003,1,1,1.0
138,6,769.85,226.3,87.03999999999996,55.93000000000001,1,1,1.0
138,7,219.3,283.57,105.75999999999999,39.94999999999999,1,1,1.0
138,8,712.55,502.91,124.79000000000008,34.79000000000002,1,1,1.0
139,2,208.86,251.81,97.56,42.360000000000014,1,1,1.0
139,4,16.66,357.5,260.5,154.2,1,1,1.0
139,6,764.46,228.61,87.03999999999996,55.93000000000001,1,1,1.0
139,7,198.67,285.63,105.76000000000002,39.94999999999999,1,1,1.0
139,8,715.58,501.39,124.78999999999996,34.789999999999964,1,1,1.0
140,2,208.86,251.81,97.56,42.360000000000014,1,1,1.0
140,4,16.68,357.74,257.59999999999997,154.19,1,1,1.0
140,6,760.6,230.15,87.03999999999996,55.92999999999998,1,1,1.0
140,7,185.26,285.63,105.75,39.94999999999999,1,1,1.0
140,8,720.87,499.12,124.78999999999996,34.789999999999964,1,1,1.0
141,2,208.86,251.81,97.56,42.360000000000014,1,1,1.0
141,4,16.7,357.98,254.7,154.18999999999994,1,1,1.0
141,6,752.13,230.92,87.03999999999996,55.940000000000026,1,1,1.0
141,7,162.56,287.7,105.75999999999999,39.94999999999999,1,1,1.0
141,8,733.5,490.0,135.39999999999998,50.0,1,1,1.0
142,2,208.86,251.81,97.56,42.360000000000014,1,1,1.0
142,4,16.9,360.36,225.5,154.19999999999993,1,1,1.0
142,6,741.34,233.24,93.95999999999992,53.65999999999997,1,1,1.0
142,7,146.06,290.79,105.75,39.94999999999999,1,1,1.0
142,8,738.78,481.4,133.43000000000006,55.07000000000005,1,1,1.0
143,2,208.86,251.81,97.56,42.360000000000014,1,1,1.0
143,4,17.11,362.91,194.3,154.19,1,1,1.0
143,6,727.47,233.24,102.42999999999995,53.65999999999997,1,1,1.0
143,7,125.42,290.79,105.76,39.94999999999999,1,1,1.0
143,8,739.9,478.4,154.60000000000002,58.10000000000002,1,1,1.0
144,2,208.86,251.81,97.56,42.360000000000014,1,1,1.0
144,4,17.42,366.76,147.2,154.19000000000005,1,1,1.0
144,6,720.53,234.01,100.17000000000007,54.389999999999986,1,1,1.0
144,7,120.26,290.79,105.76,39.94999999999999,1,1,1.0
144,8,767.32,469.42,131.14999999999998,67.98999999999995,1,1,1.0
145,2,208.86,251.81,97.56,42.360000000000014,1,1,1.0
145,4,17.49,367.6,136.89,154.18999999999994,1,1,1.0
145,6,707.43,234.01,108.67000000000007,55.19,1,1,1.0
145,7,104.79,291.82,105.76,39.94999999999999,1,1,1.0
145,8,772.39,468.41,131.14,67.97999999999996,1,1,1.0
146,2,208.86,251.81,97.56,42.360000000000014,1,1,1.0
146,4,17.56,368.44,126.57999999999998,154.19,1,1,1.0
146,6,707.43,233.24,105.57000000000005,51.25999999999999,1,1,1.0
146,7,73.84,292.85,105.75999999999999,39.95999999999998,1,1,1.0
146,8,779.47,462.33,131.14999999999998,67.99000000000007,1,1,1.0
147,2,208.86,251.81,97.56,42.360000000000014,1,1,1.0
147,4,17.72,370.33,103.44,154.19,1,1,1.0
147,6,696.65,234.01,105.55000000000007,53.59000000000003,1,1,1.0
147,7,62.5,293.89,105.75,39.94999999999999,1,1,1.0
147,8,787.57,462.33,131.14999999999998,67.99000000000007,1,1,1.0
148,2,208.86,251.81,97.56,42.360000000000014,1,1,1.0
148,4,17.1,376.59,82.34,154.2,1,1,1.0
148,6,686.63,233.24,107.07000000000005,53.65999999999997,1,1,1.0
148,7,43.93,295.95,105.75,39.94999999999999,1,1,1.0
148,8,802.76,455.16,123.03999999999996,67.97999999999996,1,1,1.0
149,2,208.86,251.81,97.56,42.360000000000014,1,1,1.0
149,4,3.49,380.48,68.01,154.19999999999993,1,1,1.0
149,6,682.78,233.62,104.01999999999998,54.77999999999997,1,1,1.0
149,7,26.39,296.98,105.76,39.94999999999999,1,1,1.0
149,8,812.38,452.26,118.99000000000001,67.98000000000002,1,1,1.0
150,2,208.86,251.81,97.56,42.360000000000014,1,1,1.0
150,6,678.92,234.01,103.98000000000002,55.19,1,1,1.0
150,7,26.39,296.98,116.11,39.91999999999996,1,1,1.0
150,8,822.0,449.36,114.94000000000005,67.98000000000002,1,1,1.0
151,2,208.86,251.81,97.56,42.360000000000014,1,1,1.0
151,6,662.74,235.55,108.65999999999997,55.14999999999998,1,1,1.0
151,7,4.72,303.17,116.12,39.91999999999996,1,1,1.0
151,8,824.0,439.19,119.01999999999998,67.98000000000002,1,1,1.0
152,2,208.86,251.81,97.56,42.360000000000014,1,1,1.0
152,6,652.72,237.09,112.48000000000002,53.609999999999985,1,1,1.0
152,7,3.87,303.43,94.0,37.860000000000014,1,1,1.0
152,8,834.25,438.17,118.88999999999999,67.99000000000001,1,1,1.0
153,2,208.86,251.81,97.56,42.360000000000014,1,1,1.0
153,6,643.47,237.09,109.42999999999995,53.609999999999985,1,1,1.0
153,7,3.87,303.43,84.53,37.870000000000005,1,1,1.0
153,8,840.4,429.08,117.81000000000006,67.98000000000002,1,1,1.0
154,2,208.86,251.81,97.56,42.360000000000014,1,1,1.0
154,6,635.0,237.86,107.10000000000002,52.839999999999975,1,1,1.0
154,7,3.87,303.43,60.43,38.76999999999998,1,1,1.0
154,8,849.4,428.17,108.81000000000006,67.97999999999996,1,1,1.0
155,2,208.86,251.81,97.56,42.360000000000014,1,1,1.0
155,6,619.59,239.4,87.03999999999996,55.92999999999998,1,1,1.0
155,7,2.58,307.3,41.92,39.19999999999999,1,1,1.0
155,8,857.4,428.25,100.81000000000006,67.99000000000001,1,1,1.0
156,2,208.86,251.81,97.56,42.360000000000014,1,1,1.0
156,6,614.19,242.48,112.44999999999993,52.859999999999985,1,1,1.0
156,7,2.58,307.3,29.020000000000003,40.89999999999998,1,1,1.0
156,8,858.41,418.13,100.81000000000006,67.98000000000002,1,1,1.0
157,2,208.86,251.81,97.56,42.360000000000014,1,1,1.0
157,6,614.19,242.48,103.20999999999992,54.41999999999999,1,1,1.0
157,8,870.6,414.22,88.61000000000001,67.97999999999996,1,1,1.0
158,2,208.86,251.81,97.56,42.360000000000014,1,1,1.0
158,6,601.86,240.94,101.71000000000004,55.22000000000003,1,1,1.0
158,8,882.8,413.37,74.3900000000001,67.98000000000002,1,1,1.0
159,2,208.86,251.81,97.56,42.360000000000014,1,1,1.0
159,6,593.38,241.71,101.71000000000004,55.22,1,1,1.0
159,8,888.35,408.86,69.85000000000002,67.99000000000001,1,1,1.0
160,2,208.86,251.81,97.56,42.360000000000014,1,1,1.0
160,6,585.68,241.71,109.42000000000007,55.22,1,1,1.0
160,8,893.9,404.36,65.31000000000006,67.97999999999996,1,1,1.0
161,2,208.86,251.81,97.56,42.360000000000014,1,1,1.0
161,6,571.81,244.02,108.59000000000003,55.22,1,1,1.0
161,8,907.0,404.51,52.210000000000036,67.98000000000002,1,1,1.0
162,2,208.86,251.81,97.56,42.360000000000014,1,1,1.0
162,6,560.25,244.79,114.85000000000002,55.22,1,1,1.0
162,8,910.92,404.55,48.40000000000009,57.789999999999964,1,1,1.0
163,2,208.86,251.81,97.56,42.360000000000014,1,1,1.0
163,6,545.61,244.79,113.99000000000001,55.22,1,1,1.0
163,8,914.86,404.6,44.51999999999998,52.64999999999998,1,1,1.0
164,2,208.86,251.81,97.56,42.360000000000014,1,1,1.0
164,6,535.59,246.34,121.00999999999999,55.21000000000001,1,1,1.0
164,8,922.89,404.69,36.58000000000004,44.39999999999998,1,1,1.0
165,2,208.86,251.81,97.56,42.360000000000014,1,1,1.0
165,6,515.55,246.34,127.95000000000005,55.21000000000001,1,1,1.0
165,8,922.89,402.66,36.58000000000004,44.40999999999997,1,1,1.0
166,2,208.86,251.81,97.56,42.360000000000014,1,1,1.0
166,6,507.08,245.57,124.82,55.20999999999998,1,1,1.0
166,8,922.08,398.26,36.57999999999993,44.400000000000034,1,1,1.0
167,2,208.86,251.81,97.56,42.360000000000014,1,1,1.0
167,6,488.58,247.11,126.42000000000002,55.20999999999998,1,1,1.0
167,8,941.0,398.47,17.659999999999968,44.39999999999998,1,1,1.0
168,2,208.86,251.81,97.56,42.360000000000014,1,1,1.0
168,6,486.27,247.88,128.72000000000003,55.20999999999998,1,1,1.0
168,8,941.0,398.47,17.659999999999968,44.39999999999998,1,1,1.0
169,2,208.86,251.81,97.56,42.360000000000014,1,1,1.0
169,6,470.86,249.42,123.24000000000001,55.22,1,1,1.0
170,2,208.86,251.81,97.56,42.360000000000014,1,1,1.0
170,6,466.24,249.42,119.43999999999994,55.22,1,1,1.0
171,2,208.86,251.81,97.56,42.360000000000014,1,1,1.0
171,6,457.76,247.11,119.44000000000005,55.20999999999998,1,1,1.0
172,2,208.86,251.81,97.56,42.360000000000014,1,1,1.0
172,6,449.29,248.65,119.43,55.22,1,1,1.0
173,2,208.86,251.81,97.56,42.360000000000014,1,1,1.0
173,6,437.73,250.19,119.43999999999994,55.22000000000003,1,1,1.0
174,2,208.86,251.81,97.56,42.360000000000014,1,1,1.0
174,6,415.38,250.19,119.44000000000005,55.22000000000003,1,1,1.0
175,2,208.86,251.81,97.56,42.360000000000014,1,1,1.0
175,6,414.61,248.65,119.43999999999994,55.22,1,1,1.0
176,2,208.86,251.81,97.56,42.360000000000014,1,1,1.0
176,6,400.74,248.65,119.43999999999994,55.22,1,1,1.0
177,2,208.86,251.81,97.56,42.360000000000014,1,1,1.0
177,6,388.41,247.88,119.44,55.20999999999998,1,1,1.0
178,2,208.86,251.81,97.56,42.360000000000014,1,1,1.0
178,6,374.54,250.19,119.44,55.22000000000003,1,1,1.0
179,2,208.86,251.81,97.56,42.360000000000014,1,1,1.0
179,6,363.75,251.73,119.44,55.22,1,1,1.0
180,2,208.86,251.81,97.56,42.360000000000014,1,1,1.0
180,6,357.58,252.5,119.44,55.22000000000003,1,1,1.0
181,2,208.86,251.81,97.56,42.360000000000014,1,1,1.0
181,6,344.8,253.3,119.44,55.21999999999997,1,1,1.0
182,2,208.86,251.81,97.56,42.360000000000014,1,1,1.0
182,6,332.02,254.1,119.44,55.22,1,1,1.0
183,2,208.86,251.81,97.56,42.360000000000014,1,1,1.0
183,6,316.04,255.7,119.44,55.210000000000036,1,1,1.0
184,2,208.86,251.81,97.56,42.360000000000014,1,1,1.0
184,6,300.88,256.59,119.44,55.22000000000003,1,1,1.0
185,2,208.86,251.81,97.56,42.360000000000014,1,1,1.0
185,6,294.19,257.93,119.44,55.20999999999998,1,1,1.0
186,2,208.86,251.81,97.56,42.360000000000014,1,1,1.0
186,6,287.5,259.26,119.44,55.22000000000003,1,1,1.0
187,2,208.86,251.81,97.56,42.360000000000014,1,1,1.0
187,6,273.24,258.37,119.44,55.21999999999997,1,1,1.0
188,2,208.86,251.81,97.56,42.360000000000014,1,1,1.0
188,6,259.87,261.94,119.43,55.22000000000003,1,1,1.0
189,2,208.86,251.81,97.56,42.360000000000014,1,1,1.0
189,6,248.27,260.16,119.43999999999997,55.20999999999998,1,1,1.0
190,2,208.86,251.81,97.56,42.360000000000014,1,1,1.0
190,6,244.71,259.26,119.43999999999997,55.22000000000003,1,1,1.0
