1,1,97.63,1.17,214.92000000000002,61.69,1,1,1.0
1,2,316.04,1.17,395.00999999999993,112.42999999999999,1,1,1.0
1,3,54.02,63.26,124.07999999999998,54.559999999999995,1,1,1.0
2,1,97.63,1.17,214.92000000000002,61.69,1,1,1.0
2,2,316.01,1.17,395.01,112.42999999999999,1,1,1.0
2,3,35.54,57.98,124.08000000000001,54.56000000000001,1,1,1.0
3,1,97.63,1.17,214.92000000000002,61.69,1,1,1.0
3,2,315.98,1.17,395.02,112.42999999999999,1,1,1.0
3,3,16.19,53.58,124.07,54.56,1,1,1.0
4,1,97.63,1.17,214.92000000000002,61.69,1,1,1.0
4,2,315.95,1.17,395.02000000000004,112.42999999999999,1,1,1.0
4,3,12.67,51.82,98.51,49.32,1,1,1.0
5,1,97.63,1.17,214.92000000000002,61.69,1,1,1.0
5,2,315.92,1.17,395.02000000000004,112.42999999999999,1,1,1.0
5,3,6.51,49.18,82.63,46.68,1,1,1.0
6,1,97.63,1.17,214.92000000000002,61.69,1,1,1.0
6,2,315.89,1.17,395.02,112.42999999999999,1,1,1.0
6,3,6.51,49.18,67.69,43.12,1,1,1.0
7,1,97.63,1.17,214.92000000000002,61.69,1,1,1.0
7,2,315.86,1.17,395.02,112.42999999999999,1,1,1.0
7,3,1.23,46.54,58.57,40.96,1,1,1.0
8,1,97.63,1.17,214.92000000000002,61.69,1,1,1.0
8,2,315.83,1.17,395.02000000000004,112.42999999999999,1,1,1.0
8,3,1.23,46.54,42.77,39.86000000000001,1,1,1.0
9,1,97.63,1.17,214.92000000000002,61.69,1,1,1.0
9,2,315.8,1.17,395.02000000000004,112.42999999999999,1,1,1.0
9,3,1.23,46.54,27.37,36.559999999999995,1,1,1.0
10,1,97.63,1.17,214.92000000000002,61.69,1,1,1.0
10,2,315.77,1.17,395.02,112.42999999999999,1,1,1.0
11,1,97.63,1.17,214.92000000000002,61.69,1,1,1.0
11,2,315.74,1.17,395.02,112.42999999999999,1,1,1.0
11,4,870.87,171.85,89.13,95.03,1,1,1.0
12,1,97.63,1.17,214.92000000000002,61.69,1,1,1.0
12,2,315.71,1.17,395.02000000000004,112.42999999999999,1,1,1.0
12,4,827.8,168.3,132.20000000000005,98.57999999999998,1,1,1.0
13,1,97.63,1.17,214.92000000000002,61.69,1,1,1.0
13,2,315.69,1.17,395.01000000000005,112.42999999999999,1,1,1.0
13,4,782.0,155.1,178.0,111.78,1,1,1.0
14,1,97.63,1.17,214.92000000000002,61.69,1,1,1.0
14,2,315.66,1.17,395.00999999999993,112.42999999999999,1,1,1.0
14,5,0.61,171.39,20.69,51.71000000000001,1,1,1.0
14,4,738.0,147.2,222.0,119.68,1,1,1.0
15,1,97.63,1.17,214.92000000000002,61.69,1,1,1.0
15,2,315.63,1.17,395.01,112.42999999999999,1,1,1.0
15,5,0.61,163.88,43.29,72.32,1,1,1.0
15,4,697.52,136.64,258.08000000000004,119.68,1,1,1.0
16,1,97.63,1.17,214.92000000000002,61.69,1,1,1.0
16,2,315.6,1.17,395.01,112.42999999999999,1,1,1.0
16,5,0.61,163.88,53.59,89.22,1,1,1.0
16,4,664.08,134.04,258.0799999999999,108.20000000000002,1,1,1.0
17,1,97.63,1.17,214.92000000000002,61.69,1,1,1.0
17,2,315.57,1.17,395.01000000000005,112.42999999999999,1,1,1.0
17,5,0.61,163.88,75.19,106.12,1,1,1.0
17,4,621.85,123.48,258.06999999999994,108.2,1,1,1.0
18,1,97.63,1.17,214.92000000000002,61.69,1,1,1.0
18,2,315.54,1.17,395.0199999999999,112.42999999999999,1,1,1.0
18,5,0.61,163.88,94.89,119.22000000000003,1,1,1.0
18,4,578.73,117.32,258.0799999999999,108.20000000000002,1,1,1.0
19,1,97.63,1.17,214.92000000000002,61.69,1,1,1.0
19,2,315.51,1.17,395.02,112.42999999999999,1,1,1.0
19,5,0.61,163.88,121.19,129.51999999999998,1,1,1.0
19,4,549.69,110.28,251.01,108.21000000000001,1,1,1.0
20,1,97.63,1.17,214.92000000000002,61.69,1,1,1.0
20,2,315.48,1.17,395.02,112.42999999999999,1,1,1.0
20,5,4.29,184.39,110.39999999999999,110.30000000000001,1,1,1.0
20,4,516.25,109.4,233.45000000000005,97.65,1,1,1.0
21,1,97.63,1.17,214.92000000000002,61.69,1,1,1.0
21,2,315.45,1.17,395.02000000000004,112.42999999999999,1,1,1.0
21,5,15.49,196.44,151.89999999999998,104.20999999999998,1,1,1.0
21,4,484.58,103.24,233.44,97.64999999999999,1,1,1.0
22,1,97.63,1.17,214.92000000000002,61.69,1,1,1.0
22,2,315.42,1.17,395.02000000000004,112.42999999999999,1,1,1.0
22,5,20.54,197.24,174.1,125.30000000000001,1,1,1.0
22,4,454.66,96.2,233.44,97.64999999999999,1,1,1.0
23,1,97.63,1.17,214.92000000000002,61.69,1,1,1.0
23,2,315.39,1.17,395.02,112.42999999999999,1,1,1.0
23,5,35.41,211.05,173.09,102.31,1,1,1.0
23,4,418.58,90.92,233.45,97.64999999999999,1,1,1.0
24,1,97.63,1.17,214.92000000000002,61.69,1,1,1.0
24,2,315.36,1.17,395.02,112.42999999999999,1,1,1.0
24,5,46.0,214.63,213.82,147.3,1,1,1.0
24,4,383.38,84.76,233.45000000000005,97.64999999999999,1,1,1.0
25,1,97.63,1.17,214.92000000000002,61.69,1,1,1.0
25,2,315.33,1.17,395.02000000000004,112.42999999999999,1,1,1.0
25,5,75.11,227.77,213.82,147.29999999999998,1,1,1.0
25,4,373.7,84.74,222.04000000000002,86.23,1,1,1.0
26,1,97.63,1.17,214.92000000000002,61.69,1,1,1.0
26,2,315.3,1.17,395.02000000000004,112.42999999999999,1,1,1.0
26,5,102.34,233.41,213.80999999999997,147.29999999999998,1,1,1.0
26,4,345.54,81.22,222.04000000000002,86.22999999999999,1,1,1.0
27,1,97.63,1.17,214.92000000000002,61.69,1,1,1.0
27,2,315.27,1.17,395.02,112.42999999999999,1,1,1.0
27,5,146.46,259.69,213.81999999999996,147.3,1,1,1.0
27,4,333.22,79.46,179.79999999999995,76.58,1,1,1.0
28,1,97.63,1.17,214.92000000000002,61.69,1,1,1.0
28,2,315.25,1.17,395.01,112.42999999999999,1,1,1.0
28,5,187.77,272.84,213.81999999999996,147.3,1,1,1.0
28,4,309.47,75.94,179.78999999999996,76.58000000000001,1,1,1.0
29,1,97.63,1.17,214.92000000000002,61.69,1,1,1.0
29,2,315.22,1.17,395.01,112.42999999999999,1,1,1.0
29,5,193.98,303.71,293.18000000000006,147.3,1,1,1.0
29,6,914.98,180.31,45.01999999999998,75.10999999999999,1,1,1.0
29,4,280.43,71.54,179.79000000000002,76.58,1,1,1.0
30,1,97.63,1.17,214.92000000000002,61.69,1,1,1.0
30,2,315.19,1.17,395.01000000000005,112.42999999999999,1,1,1.0
30,5,223.28,304.5,319.51,162.81,1,1,1.0
30,6,866.16,160.59,92.94000000000005,89.21000000000001,1,1,1.0
30,4,254.03,68.9,179.79,76.57999999999998,1,1,1.0
31,1,97.63,1.17,214.92000000000002,61.69,1,1,1.0
31,2,315.16,1.17,395.00999999999993,112.42999999999999,1,1,1.0
31,5,271.16,324.22,319.50999999999993,162.80999999999995,1,1,1.0
31,6,819.2,154.0,139.89999999999998,95.80000000000001,1,1,1.0
31,4,246.99,62.74,163.05,72.19999999999999,1,1,1.0
32,1,97.63,1.17,214.92000000000002,61.69,1,1,1.0
32,2,315.13,1.17,395.01,112.42999999999999,1,1,1.0
32,5,318.11,336.43,319.51,162.8,1,1,1.0
32,6,812.63,137.1,139.89999999999998,95.80000000000001,1,1,1.0
32,4,225.87,59.22,163.05,72.19999999999999,1,1,1.0
33,1,97.63,1.17,214.92000000000002,61.69,1,1,1.0
33,2,315.1,1.17,395.02,112.42999999999999,1,1,1.0
33,5,367.87,350.51,319.51,162.81000000000006,1,1,1.0
33,6,729.1,134.3,228.10000000000002,98.6,1,1,1.0
33,4,204.75,58.34,163.05,72.19999999999999,1,1,1.0
34,1,97.63,1.17,214.92000000000002,61.69,1,1,1.0
34,2,315.1,1.17,395.02,112.42999999999999,1,1,1.0
34,5,431.71,370.23,319.51000000000005,162.79999999999995,1,1,1.0
34,6,704.69,127.73,228.0999999999999,98.60000000000001,1,1,1.0
34,4,201.23,56.58,145.47,69.52,1,1,1.0
35,1,97.63,1.17,214.92000000000002,61.69,1,1,1.0
35,2,315.1,1.17,395.02,112.42999999999999,1,1,1.0
35,5,504.6,412.09,252.62,118.54000000000002,1,1,1.0
35,6,660.56,111.77,228.10000000000002,98.60000000000001,1,1,1.0
35,4,181.87,53.94,145.46999999999997,69.52,1,1,1.0
36,1,97.63,1.17,214.92000000000002,61.69,1,1,1.0
36,2,315.1,1.17,395.02,112.42999999999999,1,1,1.0
36,5,579.9,439.06,216.56000000000006,94.66000000000003,1,1,1.0
36,6,616.43,113.9,228.07000000000005,88.96000000000001,1,1,1.0
36,4,171.31,51.3,131.39,66.0,1,1,1.0
37,1,97.63,1.17,214.92000000000002,61.69,1,1,1.0
37,2,315.1,1.17,395.02,112.42999999999999,1,1,1.0
37,5,662.34,462.4,216.55999999999995,72.25999999999999,1,1,1.0
37,6,576.06,104.7,228.1400000000001,91.58999999999999,1,1,1.0
37,4,154.59,49.54,131.39000000000001,66.0,1,1,1.0
38,1,97.63,1.17,214.92000000000002,61.69,1,1,1.0
38,2,315.1,1.17,395.02,112.42999999999999,1,1,1.0
38,5,774.27,491.21,176.70000000000005,43.76000000000005,1,1,1.0
38,6,540.39,103.6,223.71000000000004,87.99000000000001,1,1,1.0
38,4,138.76,42.5,131.38,66.0,1,1,1.0
39,1,97.63,1.17,214.92000000000002,61.69,1,1,1.0
39,2,315.1,1.17,395.02,112.42999999999999,1,1,1.0
39,6,514.4,94.6,205.60000000000002,84.0,1,1,1.0
39,4,122.04,40.74,131.38,66.0,1,1,1.0
40,1,97.63,1.17,214.92000000000002,61.69,1,1,1.0
40,2,315.1,1.17,395.02,112.42999999999999,1,1,1.0
40,6,485.2,88.92,201.32,81.58,1,1,1.0
40,4,120.28,43.38,116.46000000000001,58.96,1,1,1.0
41,1,97.63,1.17,214.92000000000002,61.69,1,1,1.0
41,2,315.1,1.17,395.02,112.42999999999999,1,1,1.0
41,6,447.87,88.92,201.32000000000005,81.58,1,1,1.0
41,4,100.04,37.22,116.46,58.96000000000001,1,1,1.0
42,1,97.63,1.17,214.92000000000002,61.69,1,1,1.0
42,2,315.1,1.17,395.02,112.42999999999999,1,1,1.0
42,6,416.23,78.37,201.30999999999995,81.57999999999998,1,1,1.0
42,4,87.72,37.22,116.46000000000001,58.96000000000001,1,1,1.0
43,1,97.63,1.17,214.92000000000002,61.69,1,1,1.0
43,2,315.1,1.17,395.02,112.42999999999999,1,1,1.0
43,6,395.1,73.5,185.92999999999995,78.30000000000001,1,1,1.0
43,4,72.76,34.58,116.46,58.96000000000001,1,1,1.0
44,1,97.63,1.17,214.92000000000002,61.69,1,1,1.0
44,2,315.1,1.17,395.02,112.42999999999999,1,1,1.0
44,6,374.0,67.01,174.57000000000005,75.89,1,1,1.0
44,4,60.44,31.06,116.47,58.959999999999994,1,1,1.0
45,1,97.63,1.17,214.92000000000002,61.69,1,1,1.0
45,2,315.1,1.17,395.02,112.42999999999999,1,1,1.0
45,6,343.98,67.01,174.55999999999995,75.89,1,1,1.0
45,4,54.28,31.94,108.53999999999999,56.36,1,1,1.0
46,1,97.63,1.17,214.92000000000002,61.69,1,1,1.0
46,2,315.1,1.17,395.02,112.42999999999999,1,1,1.0
46,6,318.82,58.08,174.57,75.89,1,1,1.0
46,4,41.96,31.06,108.53999999999999,56.36,1,1,1.0
47,1,97.63,1.17,214.92000000000002,61.69,1,1,1.0
47,2,315.1,1.17,395.02,112.42999999999999,1,1,1.0
47,6,294.48,52.4,174.57,75.88999999999999,1,1,1.0
47,4,29.64,27.54,108.54,56.36000000000001,1,1,1.0
48,1,97.63,1.17,214.92000000000002,61.69,1,1,1.0
48,2,315.1,1.17,395.02,112.42999999999999,1,1,1.0
48,6,285.55,54.8,147.82999999999998,67.8,1,1,1.0
48,4,19.97,25.78,108.53,56.36,1,1,1.0
49,1,97.63,1.17,214.92000000000002,61.69,1,1,1.0
49,2,315.1,1.17,395.02,112.42999999999999,1,1,1.0
49,6,272.64,51.55,136.44,67.85000000000001,1,1,1.0
49,4,9.41,24.02,104.09,53.68000000000001,1,1,1.0
50,1,97.63,1.17,214.92000000000002,61.69,1,1,1.0
50,2,315.1,1.17,395.02,112.42999999999999,1,1,1.0
50,6,255.04,49.79,136.44000000000003,67.85,1,1,1.0
50,4,2.37,25.78,99.72999999999999,50.120000000000005,1,1,1.0
51,1,97.63,1.17,214.92000000000002,61.69,1,1,1.0
51,2,315.1,1.17,395.02,112.42999999999999,1,1,1.0
51,6,225.12,48.92,136.44,67.84,1,1,1.0
51,4,2.37,25.78,92.67999999999999,45.72,1,1,1.0
52,1,97.63,1.17,214.92000000000002,61.69,1,1,1.0
52,2,315.1,1.17,395.02,112.42999999999999,1,1,1.0
52,6,209.28,44.51,136.44000000000003,67.85,1,1,1.0
52,4,2.37,25.78,85.63,41.31999999999999,1,1,1.0
53,1,97.63,1.17,214.92000000000002,61.69,1,1,1.0
53,2,315.1,1.17,395.02,112.42999999999999,1,1,1.0
53,6,198.72,41.0,130.26000000000002,67.0,1,1,1.0
53,4,2.37,25.78,68.92999999999999,38.72,1,1,1.0
54,1,97.63,1.17,214.92000000000002,61.69,1,1,1.0
54,2,315.1,1.17,395.02,112.42999999999999,1,1,1.0
54,6,184.64,41.88,120.62,59.919999999999995,1,1,1.0
54,4,2.37,25.78,53.93,37.82,1,1,1.0
55,1,97.63,1.17,214.92000000000002,61.69,1,1,1.0
55,2,315.1,1.17,395.02,112.42999999999999,1,1,1.0
55,6,163.53,39.24,120.60999999999999,59.919999999999995,1,1,1.0
55,4,2.37,25.78,46.03,35.17,1,1,1.0
56,1,97.63,1.17,214.92000000000002,61.69,1,1,1.0
56,2,315.1,1.17,395.02,112.42999999999999,1,1,1.0
56,6,152.97,41.9,114.53,51.1,1,1,1.0
56,4,2.37,25.78,38.13,32.519999999999996,1,1,1.0
57,1,97.63,1.17,214.92000000000002,61.69,1,1,1.0
57,2,315.1,1.17,395.02,112.42999999999999,1,1,1.0
57,6,136.25,38.38,114.53,51.1,1,1,1.0
57,4,2.37,25.78,31.98,32.07,1,1,1.0
58,1,97.63,1.17,214.92000000000002,61.69,1,1,1.0
58,2,315.1,1.17,395.02,112.42999999999999,1,1,1.0
58,6,121.73,38.82,114.52999999999999,51.1,1,1,1.0
58,4,2.37,25.78,25.83,31.619999999999997,1,1,1.0
59,1,97.63,1.17,214.92000000000002,61.69,1,1,1.0
59,2,315.1,1.17,395.02,112.42999999999999,1,1,1.0
59,6,107.21,39.26,114.53000000000002,51.1,1,1,1.0
60,1,97.63,1.17,214.92000000000002,61.69,1,1,1.0
60,2,315.1,1.17,395.02,112.42999999999999,1,1,1.0
60,6,101.05,36.62,104.85000000000001,51.1,1,1,1.0
